1507	1510	1512	1742	2008	2313	2666	3072	3097	5228	6002	8495	7002	7439	6859	7540	7612	7019	7198	7305	7631	7652	7863	8157	7449	7868	8254	7950	7600	8227	8818	8709	8782	9003	9610	9951	10167	10209	10419	10809	10571	10408	10918	10406	10976	10982	10221	9765	10030	10102	9262	9810	9936	9620	8820	8539	9333	10130	10602	11108	10673	11150	11935	12268	11722	11504	10875	9574	10318	11135	12039	12913	13873	14646	14605	15765	16972	17101	17629	17519	17344
815	834	853	1399	2269	3267	4795	5431	7120	7418	6688	8695	7867	7714	10057	12073	12229	12084	12228	12694	13082	13217	13191	13545	14076	14346	14126	14742	15357	16098	16601	16756	17570	18261	18949	19719	20176	20385	21185	21383	21708	22372	22373	22763	23697	23872	24308	23884	23584	24934	25875	26057	26969	27757	28556	28604	28122	27895	28732	29580	30359	31145	32013	33085	34346	35253	35452	36375	37035	38130	38840	39416	40643	41312	41170	41330	41706	42522	42840	43219	44056
876	875	874	876	877	878	880	881	903	968	995	1158	1057	1225	1174	1027	1031	1046	1045	1046	972	1056	1017	979	1011	1048	1087	1062	1147	1138	1177	1169	1122	1202	1195	1226	1142	986	971	1069	1035	1059	1038	1082	1101	1079	1085	1071	1097	1131	1142	1169	1196	1208	1216	1274	1287	1327	1360	1383	1424	1457	1492	1538	1579	1632	1685	1721	1774	1840	1934	2038	2158	2265	2355	2459	2589	2725	2853	2991	3161
1109	1110	1112	1136	1160	1185	1358	1488	1455	1492	1201	1487	1722	1998	2308	3030	3074	3191	3228	3366	3543	3521	3668	3935	4184	4433	4663	4823	4697	4707	4671	4836	4888	5215	5550	5930	6463	7082	7904	8362	8595	9274	9512	9759	10187	10922	10224	10094	9590	9913	10495	11079	11267	11062	11226	10331	10315	10104	10413	10802	11108	11178	11382	11250	11139	11461	11446	11638	11627	12135	12373	12732	13364	13906	13749	14660	15101	15234	15518	15412	15441
1314	1400	1491	1651	1922	2202	2406	2815	3021	3963	4858	6794	6430	7976	8871	12022	12419	12911	13158	12687	13513	14253	14177	14056	14289	14414	14545	15276	15752	16464	17243	18022	18240	18900	19614	19842	20688	21532	22797	23405	23593	24563	25095	25853	26665	26678	27171	26031	26525	27781	29016	29482	30288	31356	31550	31163	30090	29977	30424	31505	32101	32290	33310	34389	35810	37314	37563	38270	38621	39436	40284	41012	41432	41468	39884	40773	41567	41865	42213	42817	43294
985	985	985	986	986	985	1023	1099	1015	918	894	991	1012	1055	841	535	582	631	692	694	706	736	780	889	958	889	558	567	635	713	772	826	719	669	732	848	876	843	894	888	920	891	904	1016	1059	1073	1099	1175	1229	1456	1557	1604	1652	1597	1474	1516	1634	1845	2078	2323	2551	2775	3000	3205	3419	3678	3955	4285	4685	5127	5675	6360	7225	7880	8565	9430	10274	11017	11805	12609	13334
791	792	793	831	870	911	954	999	960	1166	1295	1365	1254	1513	1642	1736	1738	1818	1868	1781	1741	1736	1780	1908	1947	2052	2105	2103	2128	2443	2509	2447	2377	2460	2614	3055	3090	3140	3095	3105	3193	3552	3745	3953	4262	4580	4553	4757	5044	5303	5539	5658	5774	5886	5933	6020	5974	6134	6212	6360	6553	6774	7036	7207	7528	7807	7955	8013	8134	8328	8556	8990	9467	9974	10267	10615	10629	10683	10731	10792	11031
1803	1839	1876	1799	2184	2146	3086	3297	3555	3639	4314	4542	4550	6835	4821	7914	8301	8446	8622	9006	9453	9907	10442	10681	10911	11642	12168	12767	13235	13969	14514	15158	15759	16321	17339	18185	18891	19570	20486	20997	20851	21661	22270	22928	23647	23962	24186	24753	25188	25497	25917	26453	26963	28101	28942	29476	29707	30033	29719	30303	30823	31141	31756	32764	33707	34774	35197	35333	35371	36090	36395	37001	37641	37505	36215	36745	37328	37227	37309	37218	37599
1639	1759	1887	2024	2102	2182	2509	2819	3057	3733	4596	5162	4482	6791	9711	7251	7884	8561	9252	9926	10998	11751	12385	12884	13759	14808	15317	15872	16221	17100	17838	18262	18311	19254	20409	21218	21695	22497	23461	23662	23630	24904	25678	26444	27515	27765	27846	27645	28227	29135	29851	30514	30986	31906	32706	31476	32844	33221	32689	33375	33843	34008	34578	35254	35931	36953	37517	37458	37167	37614	37901	39352	40693	41199	38975	40632	42080	42959	42887	43444	44053
1371	1395	1420	1541	1672	1815	1888	1963	2275	2636	3028	3440	4081	4723	4510	3811	4098	4076	4581	4673	4978	5355	5656	5860	6011	6219	6708	6920	7598	8197	8931	9414	9822	10458	11466	12366	13227	14818	15373	14801	15594	16413	16765	17707	18184	18373	18270	18286	18309	18776	19345	19657	19575	20486	21229	21085	21528	21442	20906	21147	21426	21905	22739	23535	24152	25030	25884	26625	28303	29604	29768	31399	32408	32197	30780	29190	26675	24991	24159	24502	25430
1249	1251	1253	1354	1464	1583	1711	1849	2151	2502	2863	3409	3120	4913	5850	5893	6439	6633	6724	6914	7483	7115	7795	8317	8641	9087	9539	9939	10492	11083	11173	11809	12475	12612	12973	12917	13471	13736	14420	14746	14991	14970	15853	16199	16209	16369	16500	17122	16989	17485	17103	17493	17811	18395	18077	16930	14926	14474	14407	14852	15095	15126	15667	16365	16943	17707	18411	19292	20079	21087	22029	22938	23091	23334	21839	22062	22524	22306	22708	23609	24200
1052	1051	1050	1052	1053	1055	1056	1058	1084	1163	1194	1391	1197	1244	1081	908	908	912	947	962	963	993	959	1005	1002	1048	1051	1046	1071	1125	1053	1037	1096	1095	1141	1170	1154	1125	1151	1139	1212	1201	1266	1305	1211	1270	1322	1334	1412	1436	1462	1493	1525	1649	1723	1777	1760	1821	1871	1959	2069	2186	2235	2332	2496	2548	2628	2684	2850	3029	3262	3514	3806	3901	4177	4547	4787	4967	5244	5565	5903
977	979	980	999	1018	1037	1057	1077	1153	1235	1322	1416	1733	2317	3051	3968	3881	3796	3717	3635	3554	3783	4211	4591	4863	5203	5505	5472	5921	6188	6768	7252	7862	8816	9709	10467	11475	13019	13782	14316	14690	16697	16033	13827	12312	10366	9691	10715	11655	11274	11047	9675	9335	8626	8753	9511	10502	10792	10500	10344	10477	11043	11216	11311	11327	11719	11977	12712	13454	13975	14452	15127	15903	15955	16123	16980	17425	16068	15552	15573	15573
2225	2371	2474	2471	2524	2435	2403	2643	2849	3141	3528	4386	5181	5608	6619	6381	6736	7023	7421	7710	8117	8420	8816	9182	9686	10276	10973	11555	12094	12343	12599	13279	13997	14929	15735	16450	16680	17160	18390	19085	18469	19699	20050	20882	22146	22861	23113	23385	23664	24842	25646	26242	27304	28879	30152	30746	31198	31437	31149	31813	32731	33143	33733	34269	34798	36073	36692	36729	36622	36962	37130	37761	38125	37475	35260	35753	35901	34813	33827	33078	33297
1050	1064	1079	1094	1110	1125	1168	1213	1395	1606	1840	1998	2496	2592	3888	2549	2728	3015	3168	3280	3464	3646	3843	3996	4288	4756	5276	5686	6106	6741	7048	7724	8454	9439	10548	14203	14673	15694	16731	16320	16632	17117	17705	18484	19346	19741	20413	20951	21446	22268	23554	24116	25018	26724	28077	29550	30437	30610	30587	30746	31224	31958	32391	31656	31535	32193	32230	32248	32721	33483	33916	34468	35183	34800	32880	34404	34316	34988	35614	35635	36162
1379	1381	1383	1353	1323	1294	1265	1237	1518	1862	2164	2665	3059	2721	3165	4392	4601	4647	4522	4840	5107	5305	5549	5678	5679	5970	6082	6181	6486	7045	7283	7559	7795	8183	8441	8757	8810	9253	9694	9960	10234	10391	10456	11118	11912	12716	13501	13126	12384	12546	12562	11923	11894	11817	12079	12479	12738	12925	13172	13516	12491	12979	13634	14033	14177	14704	14411	14243	14268	14700	14961	15516	15805	15826	14893	15460	15887	16320	16346	16496	16850
658	659	660	661	662	1898	3674	5156	6241	6265	7181	8896	9453	8359	10673	14391	13032	13281	13388	14907	14883	15358	15441	15688	16454	16179	16664	16646	17340	17837	18632	19467	18309	18082	19745	19200	19871	20349	21342	22131	21467	21749	20623	20707	21144	21259	22191	22436	22808	23698	23750	24180	24222	24060	24206	24021	22636	22651	23830	24716	25476	25984	26152	26077	27371	27963	28752	29637	30404	31098	31798	32281	32928	32122	31723	31824	32283	32806	33360	33538	34186
1430	1447	1464	1562	1666	1778	1896	2023	2158	2233	3087	3487	1489	3779	5632	7514	7424	7775	7981	8234	8787	9465	9496	10037	9755	10496	10908	11027	10620	11836	12363	12823	13256	13902	13972	14915	15170	15113	16236	16594	16530	17192	17487	17818	17632	17557	17619	17951	18417	18527	18576	19221	19355	19660	19906	19349	18332	15661	14320	12535	12013	11597	11779	11173	11925	13173	13902	14629	15768	16967	18118	19660	21374	22506	20739	21664	22570	23299	23561	23293	23038
3431	3575	3403	3661	4149	4480	5268	6046	6553	7169	8013	8305	8316	8722	10935	11135	11416	11367	11751	12173	12531	12572	12702	12672	13122	13697	13887	13897	14393	15067	15292	15494	15777	16357	16616	16933	17207	17793	19043	18801	18699	19207	19684	20337	20871	20417	20149	20607	21357	21904	22648	23516	24551	25750	26279	26424	26017	26062	26688	27691	28317	28998	29662	30614	31474	32543	33282	33954	35250	35910	36665	37504	38164	37739	35840	36240	36549	36535	36908	37614	38225
2128	2283	2242	2552	2792	3059	3714	4058	5292	5646	6819	8287	9181	10139	11320	15319	16198	16508	16974	16558	17409	17428	17430	16961	17909	18059	18170	18966	19497	20338	21361	22495	22803	23647	24147	23908	24350	25374	26567	26258	25934	27041	27990	29281	29951	29619	30070	29230	30185	32110	33065	33899	34787	35929	36830	37062	36543	37321	37844	38892	39476	40501	41812	43166	44673	45986	45978	46367	47260	48597	49762	50599	51011	50384	48558	49373	49781	50549	51282	52118	53354