28.82	28.82	28.82	28.82	28.82	15	28.82	22	28.82	28.82	28.86	30.79	27.5	31.14	33.72	42.77	43.03	43.5	43.96	44.44	44.93	45.44	45.94	46.45	46.97	47.5	48.02	48.55	49.07	49.58	50.09	50.58	51.05	51.49	51.95	52.41	52.88	53.38	53.91	54.52	55.24	56.11	57.13	58.28	59.56	60.92	62.31	63.69	64.97	66.15	67.18	68.04	68.75	69.33	69.81	70.2	70.5	70.9	71.2	71.4	71.6	72.1	72.4	72.6	73	73.3	73.5	73.8	73.9	74.4	74.8	75	75.3	75.5	75.7	76	76.1	76.2	76.3	76.3	76.4
34.05	34.05	34.05	34.05	34.05	34.05	34.05	34.05	39.34	44.63	49.93	55.22	60.51	64.96	66.26	69.01	68.71	69.11	69.69	69.84	70.16	70.03	70.31	70.86	70.43	70.87	71.14	70.91	70.97	70.63	70.96	70.79	71.07	70.7	71.11	70.78	71.38	71.9	72.11	71.86	72.81	72.84	73.45	73.84	74.4	74.56	74.92	74.7	75.51	75.98	75.41	76.08	76.27	76.3	76.4	77	77.4	77.6	77.9	78.1	78.3	78.5	78.8	79.2	79.4	79.8	80.1	80.3	80.6	80.9	81.2	81.4	81.5	81.6	81.8	82	82.2	82.4	82.4	82.3	82.3
25.5	25.5	25.5	25.5	25.5	25.5	25.5	25.5	24.58	22.72	21.77	22.18	23.88	27.89	35.37	42.46	42.58	42.87	43.19	43.54	43.91	44.3	44.73	45.19	45.68	46.2	46.73	47.28	47.81	48.29	48.6	48.63	48.37	47.83	47.09	46.31	45.74	45.52	45.77	46.49	47.58	48.92	50.27	51.47	52.44	53.18	53.72	54.15	54.57	55	55.47	55.96	56.46	56.94	57.42	57.9	56.4	59.7	60.5	61.2	61.6	62.4	63.2	63.9	64.6	64.9	65.4	65.8	66.3	66.8	67.1	67.5	67.7	68.3	68.6	68.8	69.3	69.4	69.8	70.1	70.4
32	32	32	31.99	31.99	31.99	31.99	31.99	31.98	31.98	31.98	31.98	31.98	32	36.64	50.33	50.59	51.1	51.62	52.14	52.66	53.19	53.71	54.23	54.75	55.27	55.78	56.27	56.75	57.21	57.66	58.07	58.49	58.91	59.31	59.73	60.14	60.56	60.98	61.41	61.84	62.27	62.68	63.07	63.45	63.81	64.18	64.55	64.94	65.34	65.76	66.18	66.6	67.04	67.47	67.9	68.1	68.3	68.5	68.8	69	69.3	69.6	69.9	70.3	70.7	71.1	71.4	71.7	72	72.4	72.7	73	73.2	73.4	73.6	73.8	74	74.1	74.3	74.4
39	39.01	39.03	39.04	40.19	40.99	41.54	42.46	44.51	45.13	48.29	52.12	56.57	58.95	64.01	68.26	68.53	68.72	69.1	69.96	70.02	70	69.92	70.58	70.62	71	71.22	71.25	71.26	71.64	71.74	71.86	72.07	72.23	72.39	72.58	72.91	72.81	73.04	73.12	73.41	73.84	74.13	74.46	74.81	75.05	75.46	75.67	76.04	76.33	76.31	76.46	76.76	76.82	77.09	77.4	77.6	77.7	77.8	77.9	78	78.3	78.6	78.8	79	79.2	79.5	79.6	79.8	80.1	80.2	80.5	80.6	80.8	81.1	81.3	81.6	81.6	81.6	81.7	81.7
32	32	32	32	32	32	28.85	31.96	32	32	32	32	32	33.8	34.36	41.04	41.98	42.91	43.85	45.7	47.2	49.57	49.62	49.17	37.36	30.53	32.95	43.29	50.64	52	54.28	55.37	56.9	57.87	59.38	61	62.04	61.36	60.97	60.63	60.78	60.46	61.94	62.15	62.95	63.92	64.2	65.28	65.49	65.68	65.87	66.05	66.23	66.39	66.56	66.7	67	67.2	67.5	67.9	68.4	68.8	69.1	69.4	69.6	69.8	70	70.2	70.9	71.4	71.9	72.6	73.1	73.4	73.9	74.3	74.9	75.3	75.7	75.9	76.2
33	33	33	33	33	33	33	33	33	33	33	33	33	35.4	34.4	38.59	39.32	40.72	42.03	43.22	44.3	45.29	46.17	46.97	47.68	48.31	48.89	49.43	49.94	50.42	50.88	51.29	51.65	51.97	52.25	52.54	52.88	53.31	53.84	54.46	55.17	55.93	56.69	57.45	58.16	58.85	59.52	60.21	60.93	61.65	62.38	63.07	63.7	64.27	64.76	65.2	65.4	66.1	66.4	66.7	67.4	67.9	68.2	68.6	69	69.7	69.7	69.8	69.8	69.9	70.1	70.1	70.3	70.2	70.1	70.1	70.4	70.5	71	71.3	71.5
33.97	37.4	39.21	39.56	40.37	43.28	43.33	36.41	42.73	43.36	45.08	51.37	51.6	56.87	49.45	66.43	66.17	67.46	67.4	68.27	68.54	68.57	69	70.24	70.27	70.49	71.07	70.61	70.46	71.43	71.26	71.67	71.67	71.66	71.4	72.29	72.27	72.52	72.69	73.04	73.13	73.38	73.99	74.12	74.43	74.53	74.69	75.07	75.06	75.56	75.67	75.95	76.55	76.78	76.91	77.2	77.3	77.6	77.7	78	78.2	78.4	78.7	78.7	78.8	79.1	79.2	79.4	79.6	80.2	80.4	80.7	81	81.1	81.2	81.4	81.6	81.6	81.7	81.7	81.8
38.37	38.37	38.37	38.37	38.37	38.37	38.37	38.37	38.91	40.91	43.92	48.41	53.5	59.46	60.66	66.91	67.08	67.4	67.7	68	68.28	68.57	68.49	69.23	69.34	69.26	69.85	70.01	70.1	70.66	70.65	70.77	70.99	70.64	70.48	70.72	70.94	71.16	71.41	71.71	71.56	72.02	72.63	72.6	72.96	73.14	73.37	73.69	73.97	74.44	74.55	74.75	75.15	75.33	75.51	75.4	75.6	76	76.1	76.4	76.6	76.9	77.3	77.6	77.8	78.1	78.4	78.6	78.8	79.2	79.4	79.7	79.9	80	80.1	80.3	80.5	80.6	80.7	80.7	80.8
36.6	36.6	36.6	36.6	36.6	36.6	36.6	36.6	36.9	38.18	40	42	44.65	50.15	54.34	65.5	65.57	65.72	65.92	66.16	66.46	66.79	67.16	67.57	67.99	68.41	68.8	69.14	69.44	69.69	69.91	70.12	70.34	70.59	70.88	71.2	71.53	71.85	72.13	72.39	72.62	72.85	73.1	73.38	73.68	74.01	74.33	74.64	74.94	75.21	75.47	75.73	76.01	76.32	76.66	77	77.1	77.1	77.5	77.7	77.8	77.9	78.1	78.2	78.3	78.6	78.9	79.1	79.3	79.4	79.6	80	79.8	80.2	80.2	80.4	80.5	80.6	81	81	81
36	36	36	36	36	36	36	36	36	36	37.34	39.76	42.06	50.21	57	62.09	62.48	64.05	63.89	65.46	66.91	66.07	66.44	67.45	67.35	68.13	69.06	68	69.02	69.52	69.22	69.98	69.55	69.38	69.45	69.29	69.19	69.82	69.69	69.41	69.46	69.75	70.02	69.56	69.77	69.18	69.24	69.47	69.03	69.07	69.01	69.22	69.69	70.09	69.53	69.5	69.2	69.1	69.2	69.5	70.1	70.5	70.9	71.1	71.3	71.8	72.3	72.6	72.7	72.9	73.1	73.3	73.6	73.9	74.3	74.6	75	75.5	76.1	76.5	76.7
25.44	25.44	25.44	25.44	25.44	25.44	23	25.44	25.44	24.38	18.35	23.18	24.72	28.87	32.26	34.77	35.1	35.76	36.44	37.11	37.79	38.48	39.16	39.85	40.56	41.26	41.99	42.72	43.46	44.23	44.98	45.73	46.49	47.21	47.93	48.65	49.35	50.08	50.81	51.53	52.25	52.93	53.56	54.14	54.65	55.1	55.51	55.86	56.19	56.51	56.81	57.11	57.39	57.65	57.93	58.2	58.5	58.8	59.1	59.5	59.9	60.2	60.5	60.8	61.2	61.5	61.9	62.3	62.8	63.2	63.6	63.9	64.3	64.7	65	65.4	65.7	66.1	66.5	66.9	67.2
25.6	25.6	25.6	25.6	25.6	25.6	25.6	25.6	25.6	25.6	25.6	25.6	25.6	25.6	25.6	39.94	40.29	40.92	41.56	42.19	42.84	43.47	44.11	44.74	45.38	46	46.61	47.22	47.83	48.43	49.04	49.66	50.3	50.98	51.67	52.43	53.28	54.24	55.24	56.24	57.1	57.64	57.78	57.52	56.95	56.24	55.62	55.32	55.49	56.19	57.39	59.01	60.83	62.67	64.43	66	67.8	68.5	69.1	69.6	69.9	69.8	70.3	70.8	71.3	71.4	71.3	71.3	70.1	71.5	71.9	72.4	72.8	73.1	73.4	73.7	74.1	74.3	74.5	74.6	74.6
29.69	29.69	29.69	29.69	29.69	29.69	29.69	29.69	32.74	38.5	41.66	46.75	45.51	55.2	56.95	65.76	65.3	65.93	66.56	67.88	68.23	67.62	67.79	68.85	69.3	69.19	69.82	69.21	69.32	70.37	70.24	70.99	71.03	70.85	70.87	71.62	71.87	72.15	72.09	72.81	72.72	73.07	73.44	73.78	74.11	74.07	74.46	74.93	74.75	75.51	75.62	75.94	76.36	76.54	76.94	77	77	77.3	77.6	77.8	78.1	78.3	78.7	78.9	79.3	79.6	79.8	80.1	80.1	80.9	81.1	81.2	81.3	81.5	81.6	81.9	82	82	82.1	82.1	82.2
36.4	36.4	36.41	36.41	36.42	36.42	36.42	36.59	37.04	37.68	38.6	39.97	42.04	46.63	49	59.29	60.98	63.02	63.36	64.6	65.76	65.62	65.49	67.11	67.49	67.78	68.43	68.71	69.79	70.26	70.31	71.12	71.41	71.73	71.96	72.05	72.87	73.39	73.45	73.88	74.38	74.78	75.35	75.67	76.18	76.16	76.57	77.08	77.11	77.5	77.8	78.22	78.63	78.54	78.97	79	79.1	79.3	79.4	79.8	79.7	80.2	80.4	80.5	80.6	81	81.3	81.6	81.7	81.9	82	82.2	82.4	82.5	82.7	82.7	82.6	82.9	83	83.1	83.2
26.9	26.9	26.9	26.9	26.9	26.9	26.9	26.9	26.9	26.9	27.58	27.41	31.74	36.2	39.2	48.69	49.27	50.37	51.42	52.43	53.39	54.29	55.14	55.94	56.67	57.34	57.95	58.49	58.96	59.4	59.78	60.15	60.53	60.91	61.32	61.77	62.25	62.75	63.29	63.83	64.39	64.95	65.51	66.05	66.58	67.09	67.58	68.05	68.52	68.97	69.4	69.84	70.26	70.67	71.09	71.5	71.9	72.1	72.4	72.7	73	73.3	73.6	73.7	74.1	74.6	74.9	74.9	74.9	75.2	75.1	75.4	75.6	75.4	75.3	75.4	75.7	75.7	75.4	75.6	75.9
34.05	34.05	34.05	34.05	34.05	34.05	34.05	34.05	38.51	42.98	47.44	51.9	56.36	60.83	65.29	69.3	69.17	69.4	70.25	70.36	70.49	70.75	70.27	70.9	70.82	71.28	71	71.26	71.33	71.37	71.3	71.16	71.54	71.2	71.57	71.35	71.8	71.92	71.78	72.03	72.3	72.5	72.25	73.14	73.18	72.98	73.77	73.87	73.97	74.53	74.03	74.28	74.36	74.64	75.05	75.6	75.9	76.2	76.5	76.7	77	77.3	77.6	78	78.2	78.4	78.6	78.9	79.1	79.4	79.8	79.9	80.1	80.3	80.5	80.8	80.8	81.1	81.4	81.4	81.4
29.57	29.57	29.57	29.57	29.57	29.57	29.57	31.12	30.2	29.93	30.75	31.4	20.5	36.5	41.2	57.27	57.76	58.16	58.96	60.96	63.35	64.85	63.95	66.84	67.59	68.61	68.85	68.51	68.98	69.77	69.36	69.43	69.21	69.17	68.65	68.76	69.02	68.92	68.89	68.88	68.24	67.98	67.85	67.89	67.61	67.57	67.79	68.25	68.01	67.53	68.19	69.8	69.81	69.66	69.57	69.2	69.1	68	65.2	63.8	64.4	65.7	67	67.2	65.9	65.1	65.1	64.9	64.7	65.1	65.1	66.7	67.7	67.9	68.8	68.9	69.8	70.4	70.8	70.9	71
38.65	38.35	41.31	43.02	39.93	42.8	43.01	40.95	43.78	44.75	46.32	53.99	56.6	60.89	60.97	68.66	68.26	69.55	69.82	70.19	70.15	70.42	70.54	70.71	70.81	71.02	70.77	70.84	70.74	71.53	71.52	71.43	72.06	71.68	71.64	71.89	72.2	71.98	72.18	72.38	72.65	72.62	73.11	73.04	73.14	73.57	73.9	74.03	74.28	74.66	74.51	74.78	75.12	75.23	75.36	75.7	76	76.2	76.3	76.6	76.7	76.9	77.1	77.3	77.5	77.8	78	78.2	78.4	78.7	79	79.2	79.5	79.7	80	80.2	80.5	80.7	80.8	80.9	81
39.41	39.41	39.41	39.41	39.41	39.41	39.41	39.41	39.41	45.21	48.93	51.8	55.4	59.6	63.28	68.12	68.22	68.44	68.79	69.58	69.63	69.71	69.49	69.76	69.98	69.91	70.32	70.21	70.04	70.33	70.41	70.43	70.76	70.42	70.66	70.92	71.24	71.34	71.54	72.08	72.68	72.99	73.38	73.58	74.03	73.93	74.36	74.65	74.71	74.81	74.79	74.87	75.01	75.02	75.1	75.4	75.5	75.8	75.7	75.8	75.9	76.3	76.6	76.8	76.9	76.9	76.9	77.1	77.3	77.6	77.6	77.8	78.1	78.3	78.5	78.8	78.9	79	79.1	79.1	79.1